,City_0,City_1,City_2,City_3,City_4,City_5,City_6,City_7,City_8,City_9,City_10,City_11,City_12,City_13,City_14,City_15,City_16,City_17,City_18,City_19,City_20,City_21,City_22,City_23,City_24,City_25,City_26,City_27,City_28,City_29,City_30,City_31,City_32,City_33,City_34,City_35,City_36,City_37,City_38,City_39,City_40,City_41,City_42,City_43,City_44,City_45,City_46,City_47,City_48,City_49,City_50,City_51,City_52,City_53,City_54,City_55,City_56,City_57,City_58,City_59,City_60,City_61,City_62,City_63,City_64,City_65,City_66,City_67,City_68,City_69,City_70,City_71,City_72,City_73,City_74,City_75,City_76,City_77,City_78,City_79,City_80,City_81,City_82,City_83,City_84,City_85,City_86,City_87,City_88,City_89,City_90,City_91,City_92,City_93,City_94,City_95,City_96,City_97,City_98,City_99
City_0,0.0,83.55,45.59,52.72,90.3,30.86,49.37,87.52,30.05,33.66,43.82,60.94,100.82,79.34,63.21,86.15,77.54,21.59,86.3,51.47,81.15,89.6,29.82,7.9,21.27,57.02,80.58,84.1,21.92,58.09,45.09,27.93,32.19,65.09,108.64,52.28,49.24,72.64,45.42,94.26,96.47,25.12,57.68,59.88,27.86,28.8,58.15,49.32,17.33,31.16,105.97,45.14,57.62,69.32,98.0,58.65,70.17,75.17,38.85,69.85,33.67,60.97,75.42,50.47,11.06,82.13,37.19,45.49,30.01,82.94,75.87,17.64,60.6,48.21,69.79,38.22,76.96,46.53,90.54,27.96,57.84,26.19,89.43,90.13,23.53,63.05,86.23,58.61,71.49,23.2,26.23,92.97,95.1,63.0,50.18,33.94,71.02,86.73,92.41,79.45
City_1,83.55,0.0,38.93,37.45,83.97,88.4,92.08,14.61,53.7,60.98,99.26,47.56,31.62,75.81,76.89,80.25,66.78,61.95,57.86,66.66,37.96,85.18,73.15,78.65,64.15,26.69,77.27,49.07,72.43,91.3,40.71,88.34,102.53,29.88,30.69,34.4,65.67,85.56,38.13,61.09,89.05,59.62,92.68,33.81,77.61,66.52,63.96,45.09,71.09,84.53,27.25,43.4,49.16,15.72,49.64,39.54,86.3,76.5,98.94,63.21,62.29,67.94,12.2,60.24,86.42,45.39,86.91,47.38,105.95,5.81,18.32,97.45,95.33,43.17,24.4,51.25,18.75,91.15,66.4,97.26,30.81,61.7,68.36,91.93,74.33,62.6,28.56,32.35,12.42,62.02,99.29,35.27,32.52,38.95,34.75,53.97,43.72,58.45,95.86,85.49
City_2,45.59,38.93,0.0,23.56,82.68,57.97,68.07,46.11,15.64,23.86,71.18,28.29,62.35,71.68,63.6,78.19,64.99,24.35,65.14,49.49,50.75,83.03,43.99,41.88,28.91,12.47,73.28,58.82,33.76,71.31,16.16,56.9,69.47,21.81,67.06,7.69,47.38,74.39,6.86,71.93,89.0,24.49,72.12,17.78,47.41,28.6,51.36,28.35,32.16,54.83,63.97,8.63,26.79,23.91,68.46,20.32,73.63,69.81,69.1,58.02,34.74,55.97,33.35,43.57,50.36,55.43,59.11,14.58,71.21,37.61,36.54,61.08,75.29,12.12,33.18,14.0,37.86,66.19,72.59,64.1,13.38,22.84,73.03,87.39,42.48,53.38,50.29,25.87,26.54,26.97,65.11,58.32,58.68,36.16,4.61,24.07,46.17,65.75,90.95,77.86
City_3,52.72,37.45,23.56,0.0,59.59,51.3,54.94,36.41,27.98,44.52,61.81,50.84,48.17,48.88,43.51,55.15,41.69,33.04,41.86,30.9,29.92,60.08,36.09,46.13,31.48,20.35,50.49,36.21,50.17,55.22,9.16,51.51,66.02,38.97,56.86,27.99,29.42,53.74,16.83,48.96,65.82,27.69,56.44,37.37,40.69,47.6,30.42,7.88,46.0,47.34,54.53,32.17,49.84,29.68,47.71,41.89,53.57,47.56,61.62,35.06,25.28,34.99,26.18,24.34,52.53,33.15,49.48,38.1,70.25,39.69,24.23,63.4,59.31,35.58,17.43,35.87,25.11,53.86,49.09,60.89,31.3,39.59,49.48,64.99,38.15,31.26,33.53,6.07,28.93,29.52,63.41,40.52,42.41,13.0,24.17,19.08,23.03,42.46,68.69,56.08
City_4,90.3,83.97,82.68,59.59,0.0,65.83,50.67,72.62,81.17,99.73,63.25,110.43,67.68,11.43,27.54,4.53,18.1,80.98,27.63,39.23,46.67,2.01,60.51,82.48,74.29,79.16,9.96,36.13,100.08,41.17,66.64,68.56,79.29,97.65,81.04,87.58,41.62,21.27,75.82,29.13,6.45,73.83,42.8,96.72,63.11,100.73,33.62,54.45,94.1,62.96,81.36,91.08,109.34,84.89,44.87,101.46,24.49,15.13,67.9,24.66,58.78,29.84,72.64,42.25,82.68,39.34,58.7,96.82,87.06,88.92,65.78,89.2,42.31,94.8,61.01,93.05,65.23,52.72,20.45,77.11,90.6,92.14,17.57,9.73,66.79,29.99,58.07,59.67,82.31,73.7,81.53,55.73,60.48,48.95,83.75,65.26,40.92,27.17,13.22,13.65
City_5,30.86,88.4,57.97,51.3,65.83,0.0,18.85,87.22,44.56,57.83,14.13,81.87,95.94,56.17,38.5,62.28,57.39,37.41,70.0,32.0,72.06,64.7,15.25,25.23,30.08,65.38,57.04,70.87,49.92,28.35,48.18,3.08,15.82,79.78,106.61,65.66,30.78,45.75,54.05,77.64,71.4,33.92,27.62,75.51,10.88,54.93,39.25,44.36,43.79,4.12,104.7,61.92,79.04,77.69,85.88,76.59,42.82,51.39,11.14,50.8,26.11,40.0,77.47,34.98,20.22,70.21,7.31,64.92,22.39,89.84,75.05,23.66,30.28,65.99,67.84,57.79,75.74,16.0,71.66,11.88,71.3,48.66,69.77,63.48,15.52,44.42,80.72,57.05,78.31,31.63,16.04,85.46,88.87,55.82,62.15,35.23,60.14,70.24,65.1,53.28
City_6,49.37,92.08,68.07,54.94,50.67,18.85,0.0,87.87,57.26,73.05,12.63,94.53,93.24,42.66,25.5,47.78,46.4,51.76,61.01,26.64,68.14,49.25,25.16,43.04,43.78,72.73,43.15,64.1,66.95,10.1,54.95,21.93,29.06,89.38,105.22,75.54,26.93,29.53,62.79,67.91,55.58,46.5,9.0,85.83,23.67,71.05,32.25,47.11,60.63,18.28,103.86,73.71,92.05,84.05,78.89,88.0,26.35,37.73,17.32,41.53,33.33,30.78,80.23,32.39,39.0,64.45,12.2,77.71,37.0,94.62,76.25,41.82,11.45,77.94,69.0,71.12,76.64,2.85,60.6,27.89,80.8,63.85,58.22,46.7,29.53,36.56,78.52,59.73,83.77,44.71,32.32,81.62,85.67,55.03,71.64,44.0,56.17,61.11,47.78,37.28
City_7,87.52,14.61,46.11,36.41,72.62,87.22,87.87,0.0,58.97,69.67,96.54,60.33,17.74,65.59,69.52,69.25,56.4,66.36,45.53,61.43,25.96,74.01,72.18,81.64,66.83,33.83,66.94,36.73,79.71,85.55,42.57,87.66,102.27,42.6,21.21,43.62,60.94,77.03,43.21,47.78,77.24,62.56,87.1,45.67,76.84,74.7,57.34,42.86,77.32,83.16,18.44,52.4,61.5,26.76,35.34,51.65,78.21,67.02,97.07,54.15,61.51,60.75,12.76,55.48,88.6,33.32,84.56,57.26,106.66,20.42,12.21,99.58,89.44,53.15,19.38,59.72,11.48,87.38,53.91,97.21,41.45,68.65,56.14,81.18,74.56,54.94,14.98,30.4,22.69,64.74,99.81,20.85,17.91,32.86,42.73,55.12,34.47,46.09,85.1,75.87
City_8,30.05,53.7,15.64,27.98,81.17,44.56,57.26,58.97,0.0,18.57,58.37,37.49,73.81,69.77,58.27,76.65,64.7,8.73,68.5,43.87,57.87,81.14,32.16,26.31,14.5,27.06,71.3,63.79,22.2,62.22,18.87,43.06,54.7,36.44,80.18,22.78,41.47,69.16,15.84,76.02,87.62,10.84,62.71,31.65,34.69,20.15,47.83,28.56,18.55,41.92,77.29,17.44,34.86,39.27,75.69,32.1,67.77,66.94,55.6,57.05,25.39,52.11,46.43,39.24,34.89,60.93,46.93,20.55,55.91,52.91,48.03,45.49,65.95,21.44,42.96,13.9,49.25,55.02,74.84,49.38,28.5,11.74,74.65,84.24,29.16,51.19,60.23,32.84,41.52,12.96,50.03,67.78,69.03,40.63,20.25,16.13,50.33,69.05,87.45,73.96
City_9,33.66,60.98,23.86,44.52,99.73,57.83,73.05,69.67,18.57,0.0,71.97,27.51,86.17,88.34,76.59,95.21,83.14,21.36,86.11,62.25,73.68,99.71,48.07,34.33,29.38,35.85,89.87,80.74,13.52,79.11,35.5,55.68,64.44,35.49,90.34,26.59,59.83,87.44,28.76,93.41,106.18,27.55,79.4,30.11,49.5,6.07,66.39,46.54,16.34,56.07,87.14,17.59,24.12,45.28,91.53,27.01,85.91,85.5,68.2,75.54,43.19,70.65,56.95,57.79,42.73,77.61,61.73,14.44,63.46,58.47,60.4,51.29,82.64,18.41,56.82,9.96,61.72,70.56,92.81,59.53,30.62,9.23,92.78,102.76,43.64,69.75,74.06,48.34,48.68,28.78,58.87,82.03,82.51,57.52,26.95,34.64,67.49,86.68,105.94,92.43
City_10,43.82,99.26,71.18,61.81,63.25,14.13,12.63,96.54,58.37,71.97,0.0,95.8,103.38,55.27,37.96,60.41,58.7,51.46,72.98,36.82,78.59,61.79,27.3,38.97,43.99,77.68,55.78,75.48,63.79,22.25,60.07,16.45,17.56,92.95,114.88,78.85,36.49,42.04,66.77,80.08,68.03,47.61,20.8,88.88,23.82,68.99,43.25,54.3,57.76,16.46,113.28,75.62,93.03,89.68,90.42,90.26,38.84,50.34,5.76,53.4,37.63,42.45,87.82,41.66,32.8,75.51,12.43,78.84,25.48,101.21,84.58,32.61,22.29,79.74,77.28,71.78,85.12,11.07,72.99,17.96,84.41,62.8,70.67,58.92,29.21,47.94,88.37,67.17,89.92,45.42,22.02,92.13,95.96,64.05,75.2,47.69,66.52,73.11,59.74,49.78
City_11,60.94,47.56,28.29,50.84,110.43,81.87,94.53,60.33,37.49,27.51,95.8,0.0,78.07,99.62,91.87,105.97,92.51,44.59,90.79,77.69,73.88,110.89,69.57,60.57,51.82,32.38,101.22,83.48,40.78,98.74,44.38,80.17,90.58,17.76,78.17,22.87,75.53,102.68,35.01,96.83,116.66,48.33,99.4,15.22,72.18,33.16,79.64,56.48,43.72,79.38,74.7,20.99,3.45,33.67,90.45,9.4,101.88,97.95,92.78,85.85,61.68,84.26,49.3,71.85,69.26,79.81,84.42,16.96,90.34,43.0,55.29,78.46,102.62,16.77,55.08,24.13,56.57,92.38,98.76,85.44,20.92,34.99,99.56,115.51,66.6,81.51,69.86,51.54,37.76,50.42,85.3,77.95,76.82,62.42,26.68,51.19,72.03,91.42,119.12,106.1
City_12,100.82,31.62,62.35,48.17,67.68,95.94,93.24,17.74,73.81,86.17,103.38,78.07,0.0,63.19,71.49,65.16,54.3,80.43,40.22,66.73,25.22,69.38,81.61,94.29,79.63,50.48,64.25,32.56,95.35,89.07,55.95,96.89,111.57,60.34,13.38,60.7,66.89,76.89,58.51,39.45,71.12,75.72,90.77,63.35,86.31,90.88,61.13,52.91,92.35,91.83,13.88,69.25,79.21,44.46,24.11,69.34,78.73,65.83,104.82,54.57,71.6,63.5,29.62,61.76,100.44,30.47,92.14,74.38,116.82,37.23,25.92,111.15,92.64,70.34,31.1,76.24,24.65,93.27,47.4,106.82,58.94,84.26,50.16,77.07,85.04,57.45,15.24,42.22,40.38,77.65,109.91,12.35,7.74,40.19,59.39,67.2,37.07,40.62,80.81,73.99
City_13,79.34,75.81,71.68,48.88,11.43,56.17,42.66,65.59,69.77,88.34,55.27,99.62,63.19,0.0,17.74,6.96,9.2,69.57,23.53,28.01,39.95,11.42,49.66,71.49,62.93,68.8,1.61,30.64,88.68,34.05,55.57,58.75,70.38,87.4,76.53,76.84,30.37,15.55,64.83,28.05,17.88,62.41,35.82,86.2,52.53,89.3,22.2,43.36,82.72,53.02,76.38,80.0,98.42,75.32,42.45,90.77,18.39,4.93,59.45,13.84,47.43,18.55,64.06,30.83,72.11,33.15,49.25,85.69,77.96,80.44,57.49,79.16,36.11,83.79,52.07,81.77,57.11,44.35,19.47,67.75,80.1,80.71,16.63,16.41,55.9,18.62,51.73,49.48,73.01,62.31,72.1,50.88,55.62,39.04,72.95,53.83,32.11,23.29,20.29,10.82
City_14,63.21,76.89,63.6,43.51,27.54,38.5,25.5,69.52,58.27,76.59,37.96,91.87,71.49,17.74,0.0,23.81,20.97,56.33,36.02,14.43,46.39,26.61,33.41,55.49,48.95,63.76,18.55,40.27,74.9,18.27,47.74,41.15,52.66,82.21,84.27,69.92,16.8,10.92,57.03,42.57,33.44,49.38,20.07,79.99,35.7,76.61,13.21,36.26,68.69,35.48,83.43,71.21,90.15,72.74,54.52,83.72,10.1,12.9,41.87,17.2,33.67,8.95,64.69,20.03,55.21,41.35,31.53,76.46,60.23,80.62,59.21,61.7,21.4,75.3,52.52,71.42,59.22,26.92,35.1,50.02,74.14,68.21,32.72,27.11,39.71,14.58,57.78,46.24,71.3,48.75,54.39,59.33,63.76,37.95,65.86,42.2,35.32,36.04,29.8,16.41
City_15,86.15,80.25,78.19,55.15,4.53,62.28,47.78,69.25,76.65,95.21,60.41,105.97,65.16,6.96,23.81,0.0,13.86,76.52,24.94,34.92,43.32,5.03,56.4,78.31,69.89,74.8,5.59,33.1,95.64,38.58,62.13,64.95,76.09,93.32,78.55,83.14,37.29,18.9,71.32,27.57,10.97,69.37,40.28,92.33,59.14,96.23,29.16,49.93,89.69,59.28,78.7,86.57,104.86,80.75,42.99,97.03,22.08,11.06,64.87,20.16,54.39,25.48,68.78,37.78,78.72,36.11,55.23,92.31,83.78,85.11,61.99,85.5,40.1,90.3,57.03,88.52,61.5,49.69,18.68,73.7,86.22,87.64,15.68,12.0,62.66,25.46,54.89,55.34,78.24,69.27,78.1,53.05,57.81,44.68,79.29,60.75,36.92,24.55,15.88,11.87
City_16,77.54,66.78,64.99,41.69,18.1,57.39,46.4,56.4,64.7,83.14,58.7,92.51,54.3,9.2,20.97,13.86,0.0,65.53,15.56,26.46,30.76,18.89,48.58,69.64,59.54,61.08,10.55,21.76,84.72,39.02,49.11,59.67,72.44,79.55,67.59,69.64,28.49,22.98,58.14,21.62,24.17,58.4,40.83,78.67,52.08,84.64,19.43,37.04,79.03,53.84,67.35,73.48,91.52,66.9,34.55,83.48,25.27,11.61,62.25,7.83,44.4,17.45,55.14,27.3,71.38,24.05,50.98,79.3,79.67,71.5,48.47,79.41,41.74,77.1,43.27,75.92,48.04,47.63,14.37,69.23,72.55,76.04,12.39,25.17,54.58,14.52,42.56,41.57,64.42,58.64,73.42,41.96,46.67,30.85,65.86,49.24,23.19,15.47,29.1,19.78
City_17,21.59,61.95,24.35,33.04,80.98,37.41,51.76,66.36,8.73,21.36,51.46,44.59,80.43,69.57,56.33,76.52,65.53,0.0,71.21,42.31,62.69,80.74,26.72,17.59,8.02,35.45,71.02,67.42,19.19,57.78,24.52,35.6,46.45,45.02,87.55,31.48,39.85,67.02,23.83,78.98,87.42,7.16,58.05,40.12,28.35,20.34,47.36,31.61,13.69,35.22,84.78,25.59,41.68,47.82,80.24,40.1,65.28,66.24,48.22,57.72,22.66,51.27,54.05,38.75,26.21,64.9,40.66,27.74,47.32,61.4,54.98,36.77,61.28,29.34,49.34,20.46,56.14,49.32,76.84,41.18,37.2,12.27,76.32,83.06,22.54,51.38,66.31,38.55,49.91,7.63,41.58,73.52,75.19,44.8,28.96,16.56,53.94,71.72,86.03,72.51
City_18,86.3,57.86,65.14,41.86,27.63,70.0,61.01,45.53,68.5,86.11,72.98,90.79,40.22,23.53,36.02,24.94,15.56,71.21,0.0,38.02,19.9,29.25,59.13,78.53,66.51,58.43,24.39,8.82,90.0,54.26,50.66,71.96,85.54,75.84,53.61,68.26,39.49,38.43,58.6,7.96,31.77,64.39,56.06,76.02,63.19,88.62,30.75,39.97,84.89,66.18,53.79,73.77,90.37,61.38,19.03,81.44,40.81,26.99,76.06,19.59,52.66,30.58,47.39,36.46,81.64,12.47,64.16,79.72,92.37,63.16,40.25,90.65,57.15,76.86,36.98,77.72,39.47,61.96,8.57,81.85,70.0,80.22,10.6,36.87,64.6,25.59,30.7,39.51,58.22,65.2,85.83,28.13,32.89,28.99,64.91,54.69,18.97,0.63,40.66,34.31
City_19,51.47,66.66,49.49,30.9,39.23,32.0,26.64,61.43,43.87,62.25,36.82,77.69,66.73,28.01,14.43,34.92,26.46,42.31,38.02,0.0,41.79,38.77,22.13,43.58,35.23,50.65,29.33,39.12,61.17,24.64,33.9,33.94,47.66,68.79,78.59,56.05,2.45,25.35,43.05,45.74,45.57,35.25,26.03,66.25,25.66,62.48,7.31,23.18,55.07,28.16,77.22,56.92,75.88,60.57,54.15,69.72,24.24,24.18,38.93,19.19,19.73,9.51,54.57,6.56,44.92,38.84,26.53,62.09,54.36,69.76,50.05,53.09,28.7,61.05,42.89,57.0,50.34,26.54,40.3,43.84,60.53,54.0,38.74,40.75,28.21,12.53,51.9,34.67,59.61,34.82,47.81,55.33,59.23,28.59,51.99,27.78,29.74,38.29,43.77,30.24
City_20,81.15,37.96,50.75,29.92,46.67,72.06,68.14,25.96,57.87,73.68,78.59,73.88,25.22,39.95,46.39,43.32,30.76,62.69,19.9,41.79,0.0,48.06,58.46,73.93,60.01,41.8,41.23,11.12,80.07,63.85,39.01,73.31,87.85,57.82,37.88,52.26,42.16,52.47,44.97,23.77,51.38,56.78,65.55,58.74,63.07,77.22,35.95,31.83,75.88,67.97,37.17,59.09,73.91,42.57,17.88,64.48,54.06,41.84,80.36,29.73,49.31,38.29,27.8,37.27,78.98,7.46,67.72,64.94,93.62,43.31,20.64,89.23,67.44,61.56,18.8,64.38,19.75,68.28,28.45,83.35,52.97,69.41,30.44,55.27,62.65,32.24,11.82,25.35,39.11,58.26,86.75,13.54,17.56,18.15,49.47,47.32,12.08,20.5,59.18,50.47
City_21,89.6,85.18,83.03,60.08,2.01,64.7,49.25,74.01,81.14,99.71,61.79,110.89,69.38,11.42,26.61,5.03,18.89,80.74,29.25,38.77,48.06,0.0,59.79,81.81,73.94,79.8,9.86,37.64,99.79,39.64,66.95,67.47,77.98,98.34,82.75,88.07,41.18,19.75,76.17,31.0,6.86,73.6,41.25,97.31,62.28,100.59,33.43,54.74,93.77,61.91,83.02,91.38,109.74,85.78,46.71,101.97,22.97,14.59,66.52,25.04,58.41,29.49,73.76,42.07,81.81,40.78,57.53,97.09,85.78,90.07,66.94,88.15,40.67,95.15,62.04,93.19,66.43,51.35,22.27,75.89,91.2,92.01,19.35,7.82,66.08,30.04,59.54,60.36,83.27,73.4,80.32,57.38,62.13,49.71,84.21,65.16,41.93,28.8,11.44,12.04
City_22,29.82,73.15,43.99,36.09,60.51,15.25,25.16,72.18,32.16,48.07,27.3,69.57,81.61,49.66,33.41,56.4,48.58,26.72,59.13,22.13,58.46,59.79,0.0,22.08,18.7,50.5,50.85,58.64,43.23,31.23,33.07,15.49,30.14,65.7,91.87,51.63,20.12,43.13,39.47,67.03,66.65,21.36,31.4,61.74,4.7,46.5,29.22,29.33,36.86,11.43,89.85,48.93,67.01,62.66,73.43,63.43,40.85,45.39,25.97,41.16,10.86,31.5,62.25,22.72,22.8,57.48,15.12,52.67,35.24,74.64,59.98,31.56,34.62,53.13,52.82,45.99,60.72,22.87,62.23,25.23,57.14,38.92,60.79,60.42,6.29,34.36,66.38,41.9,63.16,19.55,28.35,71.61,74.75,41.44,47.93,20.41,46.86,59.47,62.85,49.73
City_23,7.9,78.65,41.88,46.13,82.48,25.23,43.04,81.64,26.31,34.33,38.97,60.57,94.29,71.49,55.49,78.31,69.64,17.59,78.53,43.58,73.93,81.81,22.08,0.0,14.81,52.53,72.73,76.51,24.85,51.27,39.07,22.56,30.15,62.54,102.6,49.07,41.34,65.1,40.66,86.49,88.67,19.15,51.0,57.55,20.52,30.51,50.25,42.16,18.96,24.77,100.05,42.88,57.42,65.06,90.57,57.1,62.7,67.35,34.56,61.95,25.87,53.08,69.84,42.58,8.77,74.64,30.86,44.25,29.99,78.5,69.77,19.19,54.02,46.4,63.43,36.83,70.81,40.25,82.67,25.2,54.78,25.7,81.54,82.49,15.79,55.15,79.5,52.13,66.88,16.9,24.73,86.02,88.33,55.82,46.49,27.1,63.54,78.94,84.85,71.8
City_24,21.27,64.15,28.91,31.48,74.29,30.08,43.78,66.83,14.5,29.38,43.99,51.82,79.63,62.93,48.95,69.89,59.54,8.02,66.51,35.23,60.01,73.94,18.7,14.81,0.0,38.47,64.34,63.55,25.97,49.78,24.26,28.56,40.57,50.49,87.8,36.5,32.79,59.51,26.55,74.4,80.69,4.58,50.03,45.91,20.53,28.13,40.8,28.21,19.84,27.59,85.24,31.93,49.05,51.08,77.09,46.6,57.66,59.37,41.1,51.71,15.52,44.46,55.08,32.35,22.28,61.35,32.85,34.86,42.5,64.3,54.97,33.3,53.27,35.94,48.68,27.81,56.01,41.37,71.55,35.2,42.25,20.26,70.79,75.88,14.82,45.14,64.97,37.42,52.62,2.13,36.25,71.7,73.83,41.86,33.39,12.7,50.25,66.98,78.74,65.26
City_25,57.02,26.69,12.47,20.35,79.16,65.38,72.73,33.83,27.06,35.85,77.68,32.38,50.48,68.8,63.76,74.8,61.08,35.45,58.43,50.65,41.8,79.8,50.5,52.53,38.47,0.0,70.4,51.13,46.23,74.34,17.79,64.79,78.29,18.66,54.65,10.65,48.92,74.08,11.92,64.48,85.23,33.89,75.41,17.7,54.53,40.9,50.74,27.57,44.49,61.84,51.53,18.78,32.17,12.61,58.91,23.01,73.85,67.75,76.38,54.97,40.09,55.33,21.1,44.2,60.64,47.48,65.3,24.12,80.89,25.98,25.08,71.59,78.43,20.29,23.17,25.89,26.42,71.23,66.47,72.93,11.61,35.29,67.38,85.06,50.35,51.56,39.41,19.54,14.47,36.37,74.47,47.56,47.39,30.42,8.92,30.16,39.77,59.06,88.82,76.36
City_26,80.58,77.27,73.28,50.49,9.96,57.04,43.15,66.94,71.3,89.87,55.78,101.22,64.25,1.61,18.55,5.59,10.55,71.02,24.39,29.33,41.23,9.86,50.85,72.73,64.34,70.4,0.0,31.74,90.11,34.34,57.17,59.66,71.1,89.0,77.61,78.45,31.71,15.37,66.43,28.54,16.4,63.87,36.08,87.81,53.64,90.8,23.67,44.95,84.14,53.96,77.52,81.59,100.02,76.89,43.21,92.37,18.34,5.65,60.06,15.44,48.83,19.91,65.56,32.3,73.22,34.35,50.07,87.28,78.72,81.93,58.95,80.14,36.23,85.39,53.58,83.34,58.56,44.92,19.83,68.56,81.71,82.21,16.91,14.85,57.1,20.18,52.99,51.07,74.56,63.74,72.93,51.96,56.71,40.61,74.55,55.34,33.59,24.12,18.74,9.94
City_27,84.1,49.07,58.82,36.21,36.13,70.87,64.1,36.73,63.79,80.74,75.48,83.48,32.56,30.64,40.27,33.1,21.76,67.42,8.82,39.12,11.12,37.64,58.64,76.51,63.55,51.13,31.74,0.0,85.74,58.42,45.3,72.52,86.64,68.01,45.88,61.28,40.11,44.54,52.54,13.35,40.52,60.92,60.2,68.52,63.0,83.71,32.26,35.81,80.99,66.88,45.78,67.37,83.26,53.17,15.03,74.09,46.56,33.33,77.99,23.07,50.87,33.34,38.8,36.11,80.5,3.82,65.64,73.31,93.04,54.43,31.64,90.12,61.67,70.21,28.91,71.92,30.81,64.69,17.33,82.57,62.59,75.52,19.42,45.1,63.61,27.58,21.97,32.95,49.87,62.03,86.31,20.23,24.97,23.24,58.14,51.19,13.5,9.4,48.95,41.43
City_28,21.92,72.43,33.76,50.17,100.08,49.92,66.95,79.71,22.2,13.52,63.79,40.78,95.35,88.68,74.9,95.64,84.72,19.19,90.0,61.17,80.07,99.79,43.23,24.85,25.97,46.23,90.11,85.74,0.0,74.29,41.07,47.36,53.93,48.62,100.76,38.3,58.72,85.4,36.83,97.68,106.5,26.34,74.28,43.22,43.42,7.62,66.48,50.1,6.38,48.98,97.7,29.58,37.35,56.94,97.87,40.47,83.45,85.25,59.38,76.91,41.44,70.3,66.97,57.9,32.24,82.98,54.98,27.61,51.9,70.47,69.43,39.38,77.43,31.3,64.84,21.61,70.7,64.26,95.88,49.41,43.0,11.09,95.43,101.85,37.71,70.56,82.18,55.01,60.01,26.39,48.06,89.84,90.92,62.69,37.7,35.62,72.24,90.53,104.7,91.22
City_29,58.09,91.3,71.31,55.22,41.17,28.35,10.1,85.55,62.22,79.11,22.25,98.74,89.07,34.05,18.27,38.58,39.02,57.78,54.26,24.64,63.85,39.64,31.23,51.27,49.78,74.34,34.34,58.42,74.29,0.0,56.88,31.42,39.13,91.89,101.57,78.47,25.83,19.9,65.45,60.63,45.8,51.81,1.81,88.8,31.0,77.72,28.31,47.37,67.91,27.02,100.51,77.75,96.51,84.86,72.78,91.57,16.68,29.21,27.31,35.36,37.09,25.56,79.19,31.13,48.14,59.3,21.22,82.24,47.08,94.38,74.47,51.71,4.1,81.99,67.39,76.09,74.69,12.7,52.8,37.96,83.41,70.04,50.23,36.7,36.59,31.62,74.88,59.28,84.1,50.36,42.4,77.07,81.37,52.92,74.46,47.56,52.26,54.27,37.69,27.61
City_30,45.09,40.71,16.16,9.16,66.64,48.18,54.95,42.57,18.87,35.5,60.07,44.38,55.95,55.57,47.74,62.13,49.11,24.52,50.66,33.9,39.01,66.95,33.07,39.07,24.26,17.79,57.17,45.3,41.07,56.88,0.0,47.87,61.87,35.05,63.59,22.18,31.94,58.44,9.37,57.91,72.99,20.01,57.87,32.35,37.31,38.45,35.28,12.22,37.1,44.49,60.99,24.44,42.95,29.62,56.83,35.99,57.82,53.65,59.04,41.98,22.44,39.9,30.92,27.73,46.23,42.29,47.65,30.2,65.26,41.71,30.79,57.25,60.94,28.23,24.85,27.17,31.88,53.44,57.6,56.58,26.67,30.43,57.78,71.24,33.67,37.22,41.8,14.1,30.14,22.17,58.59,49.13,50.67,22.06,18.12,13.26,32.0,51.24,74.8,61.73
City_31,27.93,88.34,56.9,51.51,68.56,3.08,21.93,87.66,43.06,55.68,16.45,80.17,96.89,58.75,41.15,64.95,59.67,35.6,71.96,33.94,73.31,67.47,15.49,22.56,28.56,64.79,59.66,72.52,47.36,31.42,47.87,0.0,14.69,78.69,107.32,64.58,32.56,48.64,53.28,79.67,74.19,32.6,30.7,74.3,10.83,52.57,41.24,44.82,41.31,5.83,105.32,60.49,77.28,77.21,87.5,75.16,45.74,54.01,12.63,52.93,26.23,42.24,77.62,36.48,17.19,71.73,10.3,63.27,20.52,89.58,75.47,20.74,33.36,64.5,68.31,56.05,76.2,19.08,73.89,10.07,70.27,46.56,72.07,66.39,14.5,46.44,81.65,57.36,77.99,30.23,13.87,86.62,89.92,56.71,61.17,34.74,61.47,72.23,68.06,56.13
City_32,32.19,102.53,69.47,66.02,79.29,15.82,29.06,102.27,54.7,64.44,17.56,90.58,111.57,70.38,52.66,76.09,72.44,46.45,85.54,47.66,87.85,77.98,30.14,30.15,40.57,78.29,71.1,86.64,53.93,39.13,61.87,14.69,0.0,91.03,122.0,77.07,46.53,58.41,66.54,93.08,84.45,44.99,37.86,86.35,25.45,60.32,54.83,59.46,48.65,19.89,119.99,72.01,87.48,90.84,101.66,86.55,55.28,65.5,11.94,66.17,40.77,55.24,92.04,50.8,21.79,86.02,21.48,74.02,7.97,103.52,90.06,16.89,39.67,75.79,82.94,66.62,90.82,26.7,86.8,5.38,82.81,55.83,84.76,75.75,28.2,59.95,96.33,71.92,91.86,42.5,6.08,101.21,104.56,71.39,73.92,48.62,75.95,85.76,76.82,66.14
City_33,65.09,29.88,21.81,38.97,97.65,79.78,89.38,42.6,36.44,35.49,92.95,17.76,60.34,87.4,82.21,93.32,79.55,45.02,75.84,68.79,57.82,98.34,65.7,62.54,50.49,18.66,89.0,68.01,48.62,91.89,35.05,78.69,91.03,0.0,60.55,14.12,66.93,92.63,26.59,81.3,103.64,46.18,92.83,5.4,69.21,41.53,69.28,45.95,49.36,76.63,57.1,19.95,19.29,16.12,73.7,9.93,92.31,86.41,90.92,73.58,56.1,73.88,31.94,62.44,71.23,64.24,80.81,21.06,92.34,25.61,38.31,81.6,95.94,17.36,39.14,27.39,39.55,87.62,84.12,85.67,8.59,39.53,85.24,103.69,64.29,70.21,52.74,37.98,20.17,48.62,86.46,60.72,59.34,48.74,17.79,45.52,57.66,76.47,107.46,95.02
City_34,108.64,30.69,67.06,56.86,81.04,106.61,105.22,21.21,80.18,90.34,114.88,78.17,13.38,76.53,84.27,78.55,67.59,87.55,53.61,78.59,37.88,82.75,91.87,102.6,87.8,54.65,77.61,45.88,100.76,101.57,63.59,107.32,122.0,60.55,0.0,63.93,78.54,90.05,64.4,52.63,84.38,83.61,103.24,64.45,96.58,95.54,73.4,62.64,98.5,102.51,3.49,72.87,79.84,45.9,37.02,70.22,91.8,79.07,115.95,67.53,81.46,76.06,33.83,73.25,109.35,43.64,103.3,77.38,126.8,35.27,32.83,120.26,105.23,73.2,39.45,80.41,31.82,105.08,60.72,117.08,61.05,89.73,63.5,90.45,94.75,70.02,26.74,50.79,42.06,85.73,119.91,25.65,20.92,50.94,63.45,75.84,49.32,54.0,94.19,87.31
City_35,52.28,34.4,7.69,27.99,87.58,65.66,75.54,43.62,22.78,26.59,78.85,22.87,60.7,76.84,69.92,83.14,69.64,31.48,68.26,56.05,52.26,88.07,51.63,49.07,36.5,10.65,78.45,61.28,38.3,78.47,22.18,64.58,77.07,14.12,63.93,0.0,54.04,80.58,13.06,74.58,93.79,32.13,79.33,10.34,55.1,32.13,57.33,33.96,37.72,62.51,60.69,9.0,22.13,18.74,69.51,13.95,80.0,75.32,76.8,63.04,42.21,61.96,31.1,49.92,57.66,57.69,66.75,13.68,78.63,32.17,35.62,68.24,82.48,9.7,33.76,16.87,36.96,73.71,76.08,71.7,5.75,27.97,76.8,92.84,50.17,58.9,50.03,28.81,22.1,34.59,72.62,58.18,57.92,39.64,4.06,31.57,49.38,68.88,96.49,83.62
City_36,49.24,65.67,47.38,29.42,41.62,30.78,26.93,60.94,41.47,59.83,36.49,75.53,66.89,30.37,16.8,37.29,28.49,39.85,39.49,2.45,42.16,41.18,20.12,41.34,32.79,48.92,31.71,40.11,58.72,25.83,31.94,32.56,46.53,66.93,78.54,54.04,0.0,27.71,41.01,47.28,47.98,32.8,27.11,64.28,23.84,60.03,9.11,21.61,52.63,26.83,77.06,54.71,73.68,59.09,55.13,67.65,26.5,26.6,38.25,21.04,17.28,11.83,53.65,5.48,42.92,39.61,25.69,59.83,53.05,68.61,49.39,51.32,29.92,58.86,42.16,54.66,49.74,26.57,42.14,42.54,58.61,51.56,40.68,43.2,26.09,14.27,51.93,33.49,58.27,32.37,46.42,55.69,59.48,28.1,49.98,25.41,30.08,39.78,46.22,32.69
City_37,72.64,85.56,74.39,53.74,21.27,45.75,29.53,77.03,69.16,87.44,42.04,102.68,76.89,15.55,10.92,18.9,22.98,67.02,38.43,25.35,52.47,19.75,43.13,65.1,59.51,74.08,15.37,44.54,85.4,19.9,58.44,48.64,58.41,92.63,90.05,80.58,27.71,0.0,67.77,43.53,26.06,60.14,21.53,90.58,44.81,87.34,23.36,46.75,79.13,43.32,89.57,82.08,101.0,82.53,57.46,94.43,3.22,11.45,46.83,22.9,44.39,18.75,73.44,30.84,63.95,46.43,38.47,87.36,66.26,89.63,67.51,69.38,21.2,86.16,61.19,82.34,67.37,31.72,35.02,56.58,84.67,78.98,32.18,17.76,49.36,23.15,64.22,55.98,80.84,59.41,61.03,64.55,69.19,46.88,76.54,53.11,42.57,38.27,19.77,7.75
City_38,45.42,38.13,6.86,16.83,75.82,54.05,62.79,43.21,15.84,28.76,66.77,35.01,58.51,64.83,57.03,71.32,58.14,23.83,58.6,43.05,44.97,76.17,39.47,40.66,26.55,11.92,66.43,52.54,36.83,65.45,9.37,53.28,66.54,26.59,64.4,13.06,41.01,67.77,0.0,65.53,82.14,21.97,66.34,23.37,43.27,32.75,44.64,21.51,34.11,50.66,61.49,15.38,33.62,24.53,62.8,26.69,67.09,62.99,65.13,51.16,29.56,49.26,30.61,37.0,48.72,49.25,54.5,21.28,68.99,37.85,32.6,59.68,69.48,18.98,28.25,19.45,33.87,61.06,65.92,61.17,18.03,25.75,66.31,80.57,38.79,46.56,45.59,19.72,26.22,24.45,62.61,53.44,54.22,29.62,9.02,19.1,39.67,59.2,84.15,71.09
City_39,94.26,61.09,71.93,48.96,29.13,77.64,67.91,47.78,76.02,93.41,80.08,96.83,39.45,28.05,42.57,27.57,21.62,78.98,7.96,45.74,23.77,31.0,67.03,86.49,74.4,64.48,28.54,13.35,97.68,60.63,57.91,79.67,93.08,81.3,52.63,74.58,47.28,43.53,65.53,0.0,31.83,72.21,62.44,81.87,71.05,96.1,38.43,47.59,92.65,73.87,53.32,80.52,96.6,66.29,15.84,87.44,46.2,32.22,83.36,26.93,60.62,37.91,51.52,44.39,89.58,17.07,71.65,86.47,100.02,66.63,44.37,98.52,63.26,83.45,42.17,84.81,43.42,69.02,8.89,89.51,75.94,87.76,11.9,38.83,72.54,33.23,32.81,46.1,62.88,73.06,93.53,28.31,32.85,35.97,71.4,62.49,25.93,7.57,42.33,38.37
City_40,96.47,89.05,89.0,65.82,6.45,71.4,55.58,77.24,87.62,106.18,68.03,116.66,71.12,17.88,33.44,10.97,24.17,87.42,31.77,45.57,51.38,6.86,66.65,88.67,80.69,85.23,16.4,40.52,106.5,45.8,72.99,74.19,84.45,103.64,84.38,93.79,47.98,26.06,82.14,31.83,0.0,80.27,47.34,102.83,69.13,107.18,40.06,60.81,100.51,68.67,84.93,97.42,115.61,90.61,47.64,107.64,29.22,21.4,72.89,31.01,65.17,36.23,77.95,48.7,88.65,43.95,64.19,103.18,92.29,94.13,70.99,94.9,46.52,101.12,66.53,99.47,70.37,57.77,23.78,82.49,96.71,98.59,21.22,10.33,72.94,36.44,62.47,65.7,87.91,80.12,86.93,59.48,64.18,54.9,89.99,71.71,46.53,31.24,12.25,18.31
City_41,25.12,59.62,24.49,27.69,73.83,33.92,46.5,62.56,10.84,27.55,47.61,48.33,75.72,62.41,49.38,69.37,58.4,7.16,64.39,35.25,56.78,73.6,21.36,19.15,4.58,33.89,63.87,60.92,26.34,51.81,20.01,32.6,44.99,46.18,83.61,32.13,32.8,60.14,21.97,72.21,80.27,0.0,52.21,41.7,23.87,27.24,40.21,25.21,20.68,31.15,81.0,28.02,45.7,46.5,74.1,42.68,58.49,59.11,45.02,50.58,15.75,44.15,50.69,31.59,26.83,58.55,36.09,31.39,47.06,59.73,50.8,37.84,55.45,32.13,44.67,24.63,51.87,44.22,69.85,39.61,37.86,18.85,69.27,76.0,18.43,44.22,61.21,33.52,48.05,2.5,40.77,68.13,70.09,38.7,28.93,9.74,47.5,64.89,79.01,65.49
City_42,57.68,92.68,72.12,56.44,42.8,27.62,9.0,87.1,62.71,79.4,20.8,99.4,90.77,35.82,20.07,40.28,40.83,58.05,56.06,26.03,65.55,41.25,31.4,51.0,50.03,75.41,36.08,60.2,74.28,1.81,57.87,30.7,37.86,92.83,103.24,79.33,27.11,21.53,66.34,62.44,47.34,52.21,0.0,89.67,30.9,77.88,29.92,48.57,67.91,26.54,102.15,78.43,97.13,86.05,74.57,92.34,18.31,30.98,25.98,37.15,37.72,27.27,80.6,32.47,47.58,61.05,20.61,82.83,45.82,95.71,75.96,50.8,3.25,82.67,68.85,76.6,76.19,11.74,54.6,36.88,84.33,70.29,52.02,38.12,36.57,33.32,76.53,60.59,85.34,50.69,41.3,78.79,83.08,54.41,75.34,48.27,53.92,56.08,38.99,29.2
City_43,59.88,33.81,17.78,37.37,96.72,75.51,85.83,45.67,31.65,30.11,88.88,15.22,63.35,86.2,79.99,92.33,78.67,40.12,76.02,66.25,58.74,97.31,61.74,57.55,45.91,17.7,87.81,68.52,43.22,88.8,32.35,74.3,86.35,5.4,64.45,10.34,64.28,90.58,23.37,81.87,102.83,41.7,89.67,0.0,65.07,36.14,67.26,43.85,44.01,72.48,61.04,14.75,15.89,18.91,75.23,6.01,90.09,84.92,86.64,72.36,52.49,71.89,34.23,60.04,66.27,64.81,76.87,15.67,87.44,30.02,40.09,76.54,92.82,11.98,39.94,22.03,41.38,83.97,84.13,81.01,6.12,34.19,85.07,102.35,59.99,68.57,54.67,37.22,22.98,44.11,81.66,62.77,61.77,48.12,14.35,41.83,57.46,76.66,106.06,93.37
City_44,27.86,77.61,47.41,40.69,63.11,10.88,23.67,76.84,34.69,49.5,23.82,72.18,86.31,52.53,35.7,59.14,52.08,28.35,63.19,25.66,63.07,62.28,4.7,20.52,20.53,54.53,53.64,63.0,43.42,31.0,37.31,10.83,25.45,69.21,96.58,55.1,23.84,44.81,43.27,71.05,69.13,23.87,30.9,65.07,0.0,47.38,32.9,34.02,37.06,7.42,94.55,51.83,69.5,66.81,77.85,66.45,42.31,48.09,21.87,44.83,15.41,34.77,66.82,26.94,19.58,61.94,12.32,55.22,30.58,78.98,64.64,27.49,34.03,55.97,57.5,48.3,65.39,21.1,65.95,20.52,60.69,40.28,64.39,62.38,5.87,38.1,71.07,46.54,67.44,21.77,23.69,76.26,79.43,46.13,51.5,24.37,51.41,63.51,64.59,51.75
City_45,28.8,66.52,28.6,47.6,100.73,54.93,71.05,74.7,20.15,6.07,68.99,33.16,90.88,89.3,76.61,96.23,84.64,20.34,88.62,62.48,77.22,100.59,46.5,30.51,28.13,40.9,90.8,83.71,7.62,77.72,38.45,52.57,60.32,41.53,95.54,32.13,60.03,87.34,32.75,96.1,107.18,27.24,77.88,36.14,47.38,0.0,67.16,48.71,11.67,53.54,92.39,23.19,29.73,50.87,95.1,33.07,85.62,86.19,64.91,76.92,42.95,71.24,61.94,58.51,38.53,80.74,59.39,20.47,58.8,64.2,65.0,46.43,81.08,24.36,60.99,15.27,66.3,68.46,94.98,55.58,36.44,8.6,94.77,103.2,41.53,70.86,78.32,51.89,54.16,27.97,54.58,86.18,86.91,60.47,32.1,35.5,70.31,89.17,106.24,92.72
City_46,58.15,63.96,51.36,30.42,33.62,39.25,32.25,57.34,47.83,66.39,43.25,79.64,61.13,22.2,13.21,29.16,19.43,47.36,30.75,7.31,35.95,33.43,29.22,50.25,40.8,50.74,23.67,32.26,66.48,28.31,35.28,41.24,54.83,69.28,73.4,57.33,9.11,23.36,44.64,38.43,40.06,40.21,29.92,67.26,32.9,67.16,0.0,23.42,60.55,35.44,72.25,59.3,78.1,59.54,47.26,71.23,23.18,19.11,45.75,11.94,25.37,4.63,51.76,8.65,52.02,32.3,33.55,64.77,61.63,67.54,46.55,60.36,32.13,63.29,39.67,60.29,46.67,32.58,33.05,51.11,61.33,58.58,31.57,36.51,35.16,5.22,46.66,33.04,58.1,40.12,55.1,49.39,53.5,25.07,53.3,31.77,24.1,31.0,39.87,26.56
City_47,49.32,45.09,28.35,7.88,54.45,44.36,47.11,42.86,28.56,46.54,54.3,56.48,52.91,43.36,36.26,49.93,37.04,31.61,39.97,23.18,31.83,54.74,29.33,42.16,28.21,27.57,44.95,35.81,50.1,47.37,12.22,44.82,59.46,45.95,62.64,33.96,21.61,46.75,21.51,47.59,60.81,25.21,48.57,43.85,34.02,48.71,23.42,0.0,45.2,40.32,60.54,36.65,55.13,37.5,48.92,47.89,46.37,41.48,54.38,29.8,18.83,28.05,33.53,16.66,47.67,33.34,42.05,42.37,64.17,47.51,30.69,58.27,51.46,40.44,23.49,38.92,31.39,46.08,46.32,54.47,37.92,40.27,46.25,59.06,32.19,25.04,37.79,12.87,36.81,26.52,57.28,43.93,46.49,13.68,29.96,15.57,22.33,40.51,62.65,49.67
City_48,17.33,71.09,32.16,46.0,94.1,43.79,60.63,77.32,18.55,16.34,57.76,43.72,92.35,82.72,68.69,89.69,79.03,13.69,84.89,55.07,75.88,93.77,36.86,18.96,19.84,44.49,84.14,80.99,6.38,67.91,37.1,41.31,48.65,49.36,98.5,37.72,52.63,79.13,34.11,92.65,100.51,20.68,67.91,44.01,37.06,11.67,60.55,45.2,0.0,42.73,95.55,29.59,40.37,55.95,93.56,42.08,77.15,79.2,53.49,71.2,35.36,64.28,64.68,52.02,26.86,78.38,48.7,28.9,47.23,69.62,66.55,34.97,71.07,32.07,61.49,21.98,67.77,57.95,90.5,43.93,42.89,9.85,89.95,95.68,31.34,64.76,78.73,51.18,58.7,20.44,42.91,86.2,87.55,58.18,36.47,30.24,67.49,85.4,98.49,85.04
City_49,31.16,84.53,54.83,47.34,62.96,4.12,18.28,83.16,41.92,56.07,16.46,79.38,91.83,53.02,35.48,59.28,53.84,35.22,66.18,28.16,67.97,61.91,11.43,24.77,27.59,61.84,53.96,66.88,48.98,27.02,44.49,5.83,19.89,76.63,102.51,62.51,26.83,43.32,50.66,73.87,68.67,31.15,26.54,72.48,7.42,53.54,35.44,40.32,42.73,0.0,100.61,59.16,76.64,74.06,81.88,73.79,40.51,48.31,14.55,47.1,22.25,36.41,73.52,30.93,21.14,66.18,6.09,62.42,26.22,86.07,71.0,26.24,29.44,63.28,63.78,55.41,71.68,15.48,68.06,15.71,68.11,46.85,66.23,61.09,12.78,40.63,76.6,53.05,74.59,28.97,19.67,81.35,84.75,51.7,58.92,31.69,56.06,66.44,62.9,50.71
City_50,105.97,27.25,63.97,54.53,81.36,104.7,103.86,18.44,77.29,87.14,113.28,74.7,13.88,76.38,83.43,78.7,67.35,84.78,53.79,77.22,37.17,83.02,89.85,100.05,85.24,51.53,77.52,45.78,97.7,100.51,60.99,105.32,119.99,57.1,3.49,60.69,77.06,89.57,61.49,53.32,84.93,81.0,102.15,61.04,94.55,92.39,72.25,60.54,95.55,100.61,0.0,69.64,76.4,42.54,37.97,66.79,91.22,78.74,114.2,66.89,79.35,75.08,30.87,71.72,106.93,43.31,101.58,74.09,124.64,31.78,30.36,117.87,104.23,69.9,37.18,77.23,29.42,103.63,61.18,115.02,57.71,86.7,63.89,90.66,92.56,69.06,25.67,48.47,38.75,83.16,117.77,25.66,20.89,49.24,60.29,73.41,48.26,54.22,94.44,87.12
City_51,45.14,43.4,8.63,32.17,91.08,61.92,73.71,52.4,17.44,17.59,75.62,20.99,69.25,80.0,71.21,86.57,73.48,25.59,73.77,56.92,59.09,91.38,48.93,42.88,31.93,18.78,81.59,67.37,29.58,77.75,24.44,60.49,72.01,19.95,72.87,9.0,54.71,82.08,15.38,80.52,97.42,28.02,78.43,14.75,51.83,23.19,59.3,36.65,29.59,59.16,69.64,0.0,18.97,27.71,76.69,14.68,81.15,77.97,72.99,66.42,40.72,63.88,39.76,51.26,51.63,63.95,63.94,5.95,72.82,41.02,43.8,61.8,81.64,4.24,41.13,7.99,45.14,71.64,81.22,66.71,13.43,19.74,81.65,95.56,46.45,61.58,57.95,34.43,31.1,30.29,67.17,66.06,66.1,44.79,9.96,30.19,54.8,74.38,99.06,85.86
City_52,57.62,49.16,26.79,49.84,109.34,79.04,92.05,61.5,34.86,24.12,93.03,3.45,79.21,98.42,90.15,104.86,91.52,41.68,90.37,75.88,73.91,109.74,67.01,57.42,49.05,32.17,100.02,83.26,37.35,96.51,42.95,77.28,87.48,19.29,79.84,22.13,73.68,101.0,33.62,96.6,115.61,45.7,97.13,15.89,69.5,29.73,78.1,55.13,40.37,76.64,76.4,18.97,0.0,34.74,90.75,9.87,100.11,96.6,89.91,84.7,59.42,82.7,50.1,70.17,66.08,79.63,81.77,14.35,87.12,44.85,55.83,75.18,100.36,14.85,55.17,21.25,57.14,89.86,98.21,82.37,21.05,31.78,98.92,114.18,63.86,80.17,70.43,50.94,38.83,47.72,82.15,78.56,77.64,61.76,25.71,49.03,71.51,90.99,117.75,104.63
City_53,69.32,15.72,23.91,29.68,84.89,77.69,84.05,26.76,39.27,45.28,89.68,33.67,44.46,75.32,72.74,80.75,66.9,47.82,61.38,60.57,42.57,85.78,62.66,65.06,51.08,12.61,76.89,53.17,56.94,84.86,29.62,77.21,90.84,16.12,45.9,18.74,59.09,82.53,24.53,66.29,90.61,46.5,86.05,18.91,66.81,50.87,59.54,37.5,55.95,74.06,42.54,27.71,34.74,0.0,57.83,24.89,82.68,75.0,88.61,61.75,52.06,63.96,15.85,54.01,73.23,49.36,77.25,31.68,93.5,13.7,22.45,84.15,88.96,27.47,24.41,35.61,23.64,82.72,69.84,85.48,15.17,46.38,71.24,91.73,62.81,59.46,36.71,26.55,4.09,48.98,87.07,44.64,43.23,36.32,19.49,42.48,44.09,62.01,95.6,83.88
City_54,98.0,49.64,68.46,47.71,44.87,85.88,78.89,35.34,75.69,91.53,90.42,90.45,24.11,42.45,54.52,42.99,34.55,80.24,19.03,54.15,17.88,46.71,73.43,90.57,77.09,58.91,43.21,15.03,97.87,72.78,56.83,87.5,101.66,73.7,37.02,69.51,55.13,57.46,62.8,15.84,47.64,74.1,74.57,75.23,77.85,95.1,47.26,48.92,93.56,81.88,37.97,76.69,90.75,57.83,0.0,81.11,59.82,46.01,93.0,37.49,65.23,48.11,42.1,51.04,94.98,16.02,80.68,82.48,108.01,55.42,35.4,104.81,75.84,78.97,35.75,82.18,34.19,79.57,24.44,97.55,69.7,87.25,27.39,54.52,78.22,42.48,21.38,43.23,54.0,75.43,101.26,14.53,18.38,35.44,66.94,64.49,27.04,19.2,58.09,53.15
City_55,58.65,39.54,20.32,41.89,101.46,76.59,88.0,51.65,32.1,27.01,90.26,9.4,69.34,90.77,83.72,97.03,83.48,40.1,81.44,69.72,64.48,101.97,63.43,57.1,46.6,23.01,92.37,74.09,40.47,91.57,35.99,75.16,86.55,9.93,70.22,13.95,67.65,94.43,26.69,87.44,107.64,42.68,92.34,6.01,66.45,33.07,71.23,47.89,42.08,73.79,66.79,14.68,9.87,24.89,81.11,0.0,93.78,89.27,87.67,76.96,54.78,75.86,40.24,63.69,65.87,70.41,78.49,13.19,87.09,35.48,46.05,75.75,95.53,10.75,45.69,20.44,47.35,86.01,89.44,81.28,11.51,32.51,90.29,106.78,61.11,72.85,60.65,42.3,28.97,44.97,81.6,68.76,67.78,53.19,17.94,44.13,62.73,82.06,110.44,97.56
City_56,70.17,86.3,73.63,53.57,24.49,42.82,26.35,78.21,67.77,85.91,38.84,101.88,78.73,18.39,10.1,22.08,25.27,65.28,40.81,24.24,54.06,22.97,40.85,62.7,57.66,73.85,18.34,46.56,83.45,16.68,57.82,45.74,55.28,92.31,91.8,80.0,26.5,3.22,67.09,46.2,29.22,58.49,18.31,90.09,42.31,85.62,23.18,46.37,77.15,40.51,91.22,81.15,100.11,82.68,59.82,93.78,0.0,13.99,43.66,24.34,42.75,18.71,74.13,30.09,61.28,48.26,35.52,86.32,63.15,90.21,68.38,66.47,18.03,85.27,61.9,81.12,68.3,28.58,37.8,53.53,84.24,77.34,35.01,20.67,47.02,23.7,65.73,56.14,81.13,57.65,57.99,66.41,71.0,47.44,75.94,51.82,43.76,40.69,22.4,10.95
City_57,75.17,76.5,69.81,47.56,15.13,51.39,37.73,67.02,66.94,85.5,50.34,97.95,65.83,4.93,12.9,11.06,11.61,66.24,26.99,24.18,41.84,14.59,45.39,67.35,59.37,67.75,5.65,33.33,85.25,29.21,53.65,54.01,65.5,86.41,79.07,75.32,26.6,11.45,62.99,32.22,21.4,59.11,30.98,84.92,48.09,86.19,19.11,41.48,79.2,48.31,78.74,77.97,96.6,75.0,46.01,89.27,13.99,0.0,54.52,13.36,43.84,14.97,64.56,27.72,67.67,35.45,44.43,83.56,73.1,80.91,58.24,74.5,31.39,81.86,52.4,79.31,57.96,39.42,23.89,62.92,78.86,77.63,21.16,17.59,51.66,16.44,53.65,48.74,72.91,58.86,67.29,53.47,58.16,38.72,71.36,50.87,32.87,26.83,21.17,9.0
City_58,38.85,98.94,69.1,61.62,67.9,11.14,17.32,97.07,55.6,68.2,5.76,92.78,104.82,59.45,41.87,64.87,62.25,48.22,76.06,38.93,80.36,66.52,25.97,34.56,41.1,76.38,60.06,77.99,59.38,27.31,59.04,12.63,11.94,90.92,115.95,76.8,38.25,46.83,65.13,83.36,72.89,45.02,25.98,86.64,21.87,64.91,45.75,54.38,53.49,14.55,114.2,72.99,89.91,88.61,93.0,87.67,43.66,54.52,0.0,56.49,36.73,45.49,87.78,43.12,27.8,77.76,12.68,75.87,19.9,100.57,84.98,26.91,27.73,77.03,77.71,68.67,85.59,15.19,76.61,12.25,82.44,59.13,74.41,64.0,26.65,50.67,89.68,67.21,89.12,42.7,16.25,93.88,97.53,65.02,73.28,46.22,68.3,76.23,64.98,54.58
City_59,69.85,63.21,58.02,35.06,24.66,50.8,41.53,54.15,57.05,75.54,53.4,85.85,54.57,13.84,17.2,20.16,7.83,57.72,19.59,19.19,29.73,25.04,41.16,61.95,51.71,54.97,15.44,23.07,76.91,35.36,41.98,52.93,66.17,73.58,67.53,63.04,21.04,22.9,51.16,26.93,31.01,50.58,37.15,72.36,44.83,76.92,11.94,29.8,71.2,47.1,66.89,66.42,84.7,61.75,37.49,76.96,24.34,13.36,56.49,0.0,36.6,11.01,51.22,19.5,63.95,24.23,44.72,72.17,73.18,67.57,44.98,72.28,38.6,70.14,39.05,68.54,44.75,42.4,21.11,62.67,66.26,68.31,19.66,30.13,47.05,6.82,41.4,35.7,59.59,50.81,66.76,42.31,46.83,25.44,59.17,41.48,19.74,19.74,33.94,22.35
City_60,33.67,62.29,34.74,25.28,58.78,26.11,33.33,61.51,25.39,43.19,37.63,61.68,71.6,47.43,33.67,54.39,44.4,22.66,52.66,19.73,49.31,58.41,10.86,25.87,15.52,40.09,48.83,50.87,41.44,37.09,22.44,26.23,40.77,56.1,81.46,42.21,17.28,44.39,29.56,60.62,65.17,15.75,37.72,52.49,15.41,42.95,25.37,18.83,35.36,22.25,79.35,40.72,59.42,52.06,65.23,54.78,42.75,43.84,36.73,36.6,0.0,28.94,51.41,17.1,29.77,49.22,25.22,45.15,45.34,63.85,49.3,39.93,40.94,44.96,42.21,39.15,50.08,31.52,56.97,35.7,47.52,34.6,55.99,60.44,13.45,29.9,56.41,31.16,52.42,15.11,38.45,62.1,64.97,31.65,38.34,10.67,38.24,53.08,63.37,49.87
City_61,60.97,67.94,55.97,34.99,29.84,40.0,30.78,60.75,52.11,70.65,42.45,84.26,63.5,18.55,8.95,25.48,17.45,51.27,30.58,9.51,38.29,29.49,31.5,53.08,44.46,55.33,19.91,33.34,70.3,25.56,39.9,42.24,55.24,73.88,76.06,61.96,11.83,18.75,49.26,37.91,36.23,44.15,27.27,71.89,34.77,71.24,4.63,28.05,64.28,36.41,75.08,63.88,82.7,63.96,48.11,75.86,18.71,14.97,45.49,11.01,28.94,0.0,55.74,12.89,54.21,33.89,33.77,69.32,62.34,71.67,50.29,62.0,29.17,67.88,43.57,64.74,50.33,31.5,31.66,51.86,65.95,62.69,29.84,32.13,37.65,6.05,49.42,37.42,62.44,43.91,56.02,51.52,55.81,28.99,57.93,36.0,26.83,30.74,35.41,22.02
City_62,75.42,12.2,33.35,26.18,72.64,77.47,80.23,12.76,46.43,56.95,87.82,49.3,29.62,64.06,64.69,68.78,55.14,54.05,47.39,54.57,27.8,73.76,62.25,69.84,55.08,21.1,65.56,38.8,66.97,79.19,30.92,77.62,92.04,31.94,33.83,31.1,53.65,73.44,30.61,51.52,77.95,50.69,80.6,34.23,66.82,61.94,51.76,33.53,64.68,73.52,30.87,39.76,50.1,15.85,42.1,40.24,74.13,64.56,87.78,51.22,51.41,55.74,0.0,48.2,77.15,35.0,75.56,44.78,95.92,16.38,7.16,88.18,83.21,40.73,12.24,46.99,8.12,79.4,55.95,86.85,29.45,55.92,57.67,80.31,63.96,50.42,20.87,20.66,11.92,52.96,89.16,28.79,27.54,26.75,30.01,43.93,31.97,48.0,84.24,73.56
City_63,50.47,60.24,43.57,24.34,42.25,34.98,32.39,55.48,39.24,57.79,41.66,71.85,61.76,30.83,20.03,37.78,27.3,38.75,36.46,6.56,37.27,42.07,22.72,42.58,32.35,44.2,32.3,36.11,57.9,31.13,27.73,36.48,50.8,62.44,73.25,49.92,5.48,30.84,37.0,44.39,48.7,31.59,32.47,60.04,26.94,58.51,8.65,16.66,52.02,30.93,71.72,51.26,70.17,54.01,51.04,63.69,30.09,27.72,43.12,19.5,17.1,12.89,48.2,0.0,45.19,35.26,30.46,56.6,56.98,63.25,43.9,54.27,35.2,55.32,36.68,51.88,44.26,31.96,40.1,46.54,54.25,49.94,38.98,45.01,28.16,12.82,46.72,28.15,53.05,31.58,50.22,50.77,54.42,22.65,45.86,23.15,25.24,36.82,48.29,34.86
City_64,11.06,86.42,50.36,52.53,82.68,20.22,39.0,88.6,34.89,42.73,32.8,69.26,100.44,72.11,55.21,78.72,71.38,26.21,81.64,44.92,78.98,81.81,22.8,8.77,22.28,60.64,73.22,80.5,32.24,48.14,46.23,17.19,21.79,71.23,109.35,57.66,42.92,63.95,48.72,89.58,88.65,26.83,47.58,66.27,19.58,38.53,52.02,47.67,26.86,21.14,106.93,51.63,66.08,73.23,94.98,65.87,61.28,67.67,27.8,63.95,29.77,54.21,77.15,45.19,0.0,78.97,26.97,53.01,21.22,86.54,76.57,11.04,50.38,55.16,69.95,45.59,77.54,36.15,85.0,17.17,63.39,34.31,83.59,81.65,17.03,57.14,85.42,58.59,74.87,24.4,16.14,91.54,94.16,61.09,54.95,33.52,68.01,82.0,83.68,71.1
